2,45
52,3
51,6
51,5
51,4
51,3
50,3
49,13
49,12
49,11
49,9
49,4
49,3
49,2
48,6
48,4
48,3
47,6
47,5
47,4
46,18
46,16
46,6
46,3
45,3
44,15
44,14
44,12
44,11
44,9
44,8
44,6
44,5
44,3
43,15
43,13
43,12
43,11
43,9
43,8
43,6
43,4
42,7
42,3
41,9
41,7
41,3
40,3
36,5
36,3
34,14
34,7
34,3
30,10
30,3
25,9
25,3
19,3
17,4
17,3
12,7
12,3
11,7
11,3
10,7
10,3
8,4
8,3
7,3
5,151
5,150
5,149
5,148
5,147
5,146
5,145
5,144
5,143
5,142
5,141
5,140
5,139
5,138
5,137
5,136
5,135
5,134
5,133
5,132
5,131
5,130
5,129
5,128
5,127
5,126
5,125
5,124
5,123
5,122
5,121
5,120
5,119
5,118
5,117
5,116
5,115
5,114
5,113
5,112
5,111
5,110
5,109
5,108
5,107
5,106
5,105
5,104
5,103
5,102
5,101
5,100
5,99
5,98
5,97
5,96
5,95
5,94
5,93
5,92
5,91
5,90
5,89
5,88
5,87
5,86
5,85
5,84
5,83
5,82
5,79
5,78
5,77
5,76
5,75
5,74
5,73
5,71
5,70
5,67
5,66
5,65
5,64
5,34
5,33
5,32
5,31
5,30
5,29
5,28
5,27
5,21
5,20
5,19
5,18
5,16
5,15
5,14
5,13
5,12
5,11
5,10
5,9
5,8
5,7
5,6
5,5
5,4
5,3
4,8
4,6
4,4
4,3
3,2
2,2
1,2
0,255
0,254
0,253
0,252
0,227
0,226
0,223
0,222
0,220
0,218
0,217
0,216
0,215
0,214
0,212
0,211
0,208
0,204
0,203
0,201
0,199
0,198
0,194
0,192
0,62
0,61
0,59
0,58
0,56
0,52
0,51
52,5
52,6
52,9
52,11
52,14
52,16
56,3
56,6
56,7
57,4
57,5
61,9
64,3
68,3
69,5
72,2
72,4
72,5
73,3
74,2
74,3
75,3
75,4
76,3
77,3
77,4
84,3
86,3
89,7
89,8
89,11
91,4
91,5
91,9
91,10
93,6
95,3
100,3
100,5
100,7
100,10
103,3
105,3
105,6
105,8
107,3
111,3
111,6
111,9
115,3
116,4
116,6
119,4
119,8
119,9
120,4
120,7
120,9
122,3
122,11
125,3
125,13
125,16
127,3
128,3
131,4
131,5
132,3
133,3
133,7
135,3
136,6
136,15
142,3
144,4
146,3
146,6
146,9
147,5
148,5
148,7
148,10
148,11
150,3
150,10
151,3
152,5
152,11
153,10
154,5
154,7
154,10
154,11
154,14
155,4
155,5
155,9
155,10
155,14
156,3
156,5
156,9
156,10
156,14
157,3
157,10
158,5
158,7
158,10
158,11
158,14
158,15
159,11
160,5
160,10
161,4
161,5
161,9
161,12
161,13
161,16
162,3
162,10
163,4
163,7
163,10
163,13
164,3
164,5
166,4
170,3
170,6
196,3
221,3
224,4
225,3
226,3
227,4
227,5
227,7
227,8
227,11
227,14
227,15
228,8
230,3
231,4
231,9
231,11
231,15
231,18
231,21
231,22
231,25
233,7
234,3
240,3
243,2
243,5
243,9
243,10
247,2
247,3
247,7
247,9
251,4
251,9
251,12
253,3
253,5
254,4
254,11
255,3
256,4
256,5
257,3
257,4
257,9
258,2
258,6
259,3
259,5
260,3
260,6
260,7
261,3
261,4
261,7
261,10
262,1
262,4
263,0
263,3
263,5
264,1
264,4
264,6
265,2
265,3
265,6
266,3
266,4
267,0
267,2
267,5
268,0
268,4
268,9
268,12
268,17
269,1
269,7
270,4
270,5
271,3
271,6
272,3
272,6
272,8
272,13
272,14
272,18
272,19
272,21
272,24
273,1
273,5
274,0
274,5
275,0
275,5
276,2
276,4
276,7
276,10
276,15
276,20
276,23
277,1
277,2
278,2
278,6
279,0
279,5
280,1
280,6
281,1
281,5
281,9
281,12
281,17
281,18
281,25
282,0
282,2
283,1
283,3
283,8
284,1
284,4
284,9
284,12
284,17
284,20
285,3
286,1
286,5
287,3
287,5
288,4
288,7
288,12
288,16
289,1
289,4
289,6
289,9
289,12
289,13
290,3
290,6
290,10
291,2
291,6
292,2
292,6
293,2
293,3
293,6
294,1
294,2
294,5
294,7
294,10
295,2
295,4
295,7
295,9
295,12
295,13
295,17
295,20
295,21
295,24
296,0
296,3
296,6
297,0
297,3
297,5
297,8
297,9
297,13
297,16
297,17
297,21
297,22
298,2
299,0
299,1
299,4
299,6
299,9
299,12
299,14
299,17
299,19
300,2
300,3
301,0
301,4
301,5
302,2
302,4
303,0
303,3
303,5
304,2
304,4
305,0
305,1
305,5
305,8
305,9
305,13
306,0
306,3
306,6
307,1
307,4
307,6
307,9
307,11
308,0
308,3
308,4
309,0
309,1
309,4
310,2
310,3
310,6
310,8
310,11
310,13
311,2
311,5
311,7
312,1
312,2
312,6
313,1
313,2
313,5
313,7
314,0
314,3
314,5
315,2
315,4
316,1
316,2
317,0
317,3
317,4
318,1
318,2
318,5
318,8
318,10
318,13
319,1
319,4
320,1
320,4
321,1
321,2
321,6
321,7
322,1
322,5
323,0
323,3
324,0
324,3
324,5
325,2
325,5
325,7
326,1
326,2
327,0
327,3
327,4
327,7
327,9
328,2
328,5
328,7
328,10
329,1
329,4
329,5
329,9
330,1
330,2
330,6
331,0
331,3
331,7
331,8
331,11
331,13
331,16
331,18
331,21
331,24
331,26
332,0
332,1
332,4
332,8
332,9
333,1
333,3
333,6
333,8
333,11
333,14
333,16
333,19
333,20
333,22
334,1
334,3
334,6
334,7
334,10
334,12
334,14
335,1
335,2
335,5
335,7
336,0
336,3
336,5
336,8
337,1
337,4
337,7
337,9
337,12
338,0
338,4
338,5
339,1
339,4
339,6
339,9
339,11
339,14
339,17
339,19
339,22
339,23
339,27
339,28
340,0
340,4
340,5
340,8
340,10
341,1
341,4
342,0
342,3
342,5
343,1
343,2
343,6
343,9
343,10
343,13
344,1
344,4
344,7
344,9
344,12
345,1
345,4
345,7
345,9
346,2
346,3
346,7
346,8
347,0
347,3
347,5
347,8
347,10
348,2
348,5
348,7
348,10
348,12
348,15
348,16
348,19
348,23
348,24
348,27
348,29
348,32
349,0
349,2
349,5
350,1
350,4
350,5
351,3
352,1
352,2
352,5
352,7
352,10
352,13
352,15
352,18
352,20
353,2
353,4
354,2
355,0
355,1
356,0
356,1
356,4
357,3
357,4
358,2
358,4
359,2
360,0
360,2
361,0
361,2
362,0
362,1
362,4
363,1
363,2
363,5
364,0
364,3
364,6
365,1
365,4
365,6
365,9
365,10
366,3
366,6
367,0
367,4
367,5
368,1
368,4
368,6
369,1
369,3
369,6
369,8
369,11
369,14
369,15
369,19
369,20
369,23
370,1
370,2
370,5
371,0
371,3
371,6
372,1
372,4
372,6
373,2
373,3
374,0
374,3
374,4
374,7
374,9
375,2
375,5
375,7
376,0
376,2
376,5
376,6
377,2
377,5
377,6
378,2
378,3
378,6
379,0
379,2
379,5
380,1
380,4
380,6
380,9
381,0
381,2
381,5
381,6
381,9
381,13
382,0
382,3
382,5
383,1
383,4
384,0
384,3
384,5
384,8
384,9
385,1
385,4
385,5
385,8
385,10
385,13
386,2
386,4
387,0
387,2
387,5
387,6
387,10
388,2
388,3
388,7
388,8
388,11
389,3
389,4
389,7
390,1
390,4
390,6
391,0
391,3
391,5
391,8
391,9
391,12
391,16
391,17
392,1
392,3
393,0
393,2
393,5
394,0
394,2
394,5
394,6
394,10
394,13
394,14
395,1
395,2
395,5
396,2
396,4
396,7
397,0
397,3
397,5
397,8
398,2
398,3
398,7
398,8
398,11
398,15
398,16
399,1
399,3
399,6
400,1
400,4
400,7
401,1
401,4
401,5
402,0
402,4
402,5
402,8
402,10
403,2
403,4
403,7
403,10
403,12
404,1
404,2
404,6
405,0
405,1
405,5
405,6
405,9
405,12
405,14
406,2
406,4
407,1
407,3
407,6
407,9
407,10
407,14
407,15
408,0
408,4
408,5
408,8
409,0
409,3
409,5
410,1
410,4
410,6
411,1
411,2
411,6
412,1
412,2
412,5
413,0
413,3
413,5
414,1
414,4
414,6
415,0
415,1
415,5
416,1
416,2
416,6
416,7
416,10
416,12
417,1
417,4
417,6
417,9
417,11
417,14
417,17
417,19
417,22
418,0
418,3
419,1
419,2
503,1
503,2
503,4
504,0
504,2
504,4
504,5
504,7
504,8
504,10
505,1
505,2
505,4
505,5
506,0
506,1
506,3
506,5
507,0
507,2
507,3
507,5
508,0
508,1
508,3
508,4
509,0
509,1
509,3
510,0
510,1
510,3
510,4
511,1
511,3
512,0
512,2
512,3
513,1
513,3
513,4
513,6
513,7
513,9
513,10
513,12
513,14
513,15
513,17
513,18
513,20
514,1
514,2
515,0
515,1
515,3
515,4
516,0
516,2
516,3
516,5
516,6
517,1
517,3
517,4
517,6
517,7
518,1
518,2
518,4
518,6
518,7
519,1
519,2
519,4
520,0
520,1
520,3
520,4
520,6
521,0
521,2
521,4
521,5
521,7
522,0
522,2
523,0
523,1
523,3
523,4
524,0
524,2
524,3
524,5
525,0
525,2
525,3
525,5
525,7
526,0
526,2
526,3
527,1
527,3
528,0
528,2
528,3
529,0
529,1
529,3
530,1
530,2
531,0
531,1
531,3
532,1
532,2
533,0
533,1
533,3
534,0
534,2
534,4
534,5
276,3
268,3
340,3
442,3
313,3
289,5
289,11
436,3
436,5
391,15
231,16
229,3
240,5
240,17
295,25
423,3
422,3
425,3
425,4
15,3
318,3
229,4
386,3
5,22
134,4
265,4
264,3
53,3
54,3
330,3
330,5
273,4
315,3
46,21
13,3
13,4
45,4
125,4
125,11
423,9
148,3
251,3
5,81
251,10
247,4
5,69
146,5
146,8
147,3
147,4
247,8
47,3
272,17
380,3
380,5
380,8
381,4
381,12
123,5
144,3
384,4
44,2
44,7
44,13
44,10
44,4
385,3
136,17
381,7
380,11
381,10
46,4
247,5
146,10
243,3
158,3
251,5
5,17
414,5
125,5
50,4
46,23
316,3
273,3
54,4
53,4
267,3
134,3
382,4
318,6
425,7
422,4
423,4
295,8
276,5
350,3
352,3
348,6
231,5
279,4
436,6
369,13
228,5
295,3
348,3
293,4
289,8
279,6
534,3
534,1
533,2
532,3
532,0
531,2
530,3
530,0
529,2
528,4
528,1
527,2
527,0
526,1
525,6
525,4
525,1
524,4
524,1
523,5
523,2
522,3
522,1
521,6
521,3
521,1
520,5
520,2
519,5
519,3
519,0
518,5
518,3
518,0
517,5
517,2
517,0
516,4
516,1
515,5
515,2
514,3
514,0
513,19
513,16
513,13
513,11
513,8
513,5
513,2
513,0
512,1
511,2
511,0
510,2
509,4
509,2
508,5
508,2
507,6
507,4
507,1
506,4
506,2
505,6
505,3
505,0
504,9
504,6
504,3
504,1
503,3
503,0
418,5
418,2
417,20
417,15
417,12
417,7
417,3
417,0
416,9
416,4
415,6
415,3
414,7
414,3
413,6
413,2
412,4
411,7
411,4
410,7
410,2
409,6
409,2
408,7
408,2
407,17
407,12
407,7
407,4
406,5
406,1
405,11
405,8
405,3
404,7
404,4
403,13
403,9
403,5
403,1
402,7
402,2
401,7
401,2
400,5
400,2
399,4
399,0
398,13
398,10
398,5
398,0
397,6
397,1
396,6
396,1
395,4
394,16
394,11
394,8
394,3
393,6
393,3
392,5
392,0
391,14
391,11
391,6
391,1
390,7
390,2
389,6
389,1
388,10
388,5
388,0
387,8
387,3
386,6
386,1
385,12
385,7
385,2
384,11
384,6
384,1
383,3
383,0
382,2
381,11
381,8
381,3
380,10
380,7
380,2
379,4
378,8
378,5
378,0
377,3
377,0
376,3
375,9
375,4
375,1
374,6
374,1
373,5
373,0
372,2
371,5
371,1
370,4
369,25
369,22
369,17
369,12
369,9
369,4
369,0
368,3
368,0
367,2
366,4
366,1
365,7
365,3
364,5
364,2
363,4
362,6
362,3
361,3
360,3
359,4
359,0
358,1
357,1
356,3
355,3
354,3
354,0
353,0
352,17
352,12
352,9
352,4
351,4
351,1
350,2
349,3
348,34
348,31
348,26
348,21
348,18
348,13
348,8
348,4
348,0
347,7
347,2
346,10
346,5
346,0
345,5
345,2
344,11
344,6
344,3
343,12
343,7
343,4
342,6
342,1
341,3
341,0
340,7
340,2
339,30
339,25
339,20
339,16
339,12
339,8
339,3
339,0
338,2
337,10
337,5
337,2
336,7
336,2
335,9
335,4
334,15
334,13
334,9
334,4
333,23
333,21
333,17
333,12
333,9
333,5
333,0
332,6
332,3
331,27
331,22
331,19
331,14
331,10
331,5
331,2
330,4
329,10
329,7
329,2
328,9
328,4
328,1
327,6
327,1
326,4
325,8
325,3
325,0
324,2
323,2
322,3
322,0
321,4
320,5
320,2
319,2
318,12
318,7
318,4
317,6
317,1
316,4
315,5
315,1
314,2
313,9
313,4
312,7
312,4
311,8
311,3
311,0
310,9
310,5
310,0
309,3
308,6
308,1
307,12
307,7
307,3
306,5
306,2
305,11
305,6
305,3
304,5
304,0
303,2
302,6
302,1
301,2
300,5
300,0
299,15
299,11
299,7
299,3
298,4
298,1
297,19
297,14
297,11
297,6
297,2
296,5
296,2
295,23
295,18
295,15
295,10
295,5
295,1
294,9
294,4
293,8
293,5
292,7
291,7
291,1
290,7
290,2
289,10
289,7
289,3
288,15
288,10
288,2
287,0
285,4
284,21
284,14
284,7
284,3
283,6
282,5
281,26
281,22
281,14
281,7
281,3
280,4
279,3
278,3
277,6
276,25
276,17
276,12
276,6
276,1
275,3
274,3
273,2
272,23
272,20
272,16
272,11
272,7
272,1
271,1
270,0
269,4
268,14
268,6
268,1
267,4
266,6
266,1
265,5
265,0
264,2
263,6
263,1
262,3
261,9
261,6
261,1
260,4
260,1
259,0
258,1
257,6
256,8
256,0
254,7
254,3
252,5
251,6
251,2
247,6
243,12
243,7
243,4
237,3
233,3
231,24
231,20
231,13
231,7
231,3
228,3
227,12
227,9
227,6
227,3
225,4
224,3
195,3
167,3
166,3
163,14
163,8
163,5
162,5
161,14
161,10
161,7
161,3
160,3
159,5
158,12
158,8
158,4
157,5
156,13
156,7
156,4
155,13
155,7
155,3
154,12
154,8
154,3
153,5
152,3
150,5
148,13
148,8
148,4
146,7
146,4
142,4
136,7
136,3
133,5
131,6
131,3
127,8
125,14
123,3
122,9
120,8
120,3
119,6
119,3
116,3
111,8
111,5
105,9
105,5
105,2
100,9
100,4
93,11
93,4
91,7
89,12
89,9
89,5
79,3
76,4
75,5
74,4
73,6
72,6
72,3
69,3
63,3
61,3
57,3
56,4
52,17
52,12
52,8
0,224
0,221
0,219
0,213
0,209
0,205
0,202
0,200
0,195
0,193
0,63
0,60
0,57
0,54
0,207
0,206
0,197
1,45
3,44
2,44
1,44
3,43
2,43
1,43
3,42
2,42
1,42
3,41
2,41
1,41
3,40
2,40
1,40
3,39
2,39
1,39
3,38
2,38
1,38
3,37
2,37
1,37
3,36
2,36
1,36
3,35
2,35
1,35
3,34
2,34
1,34
3,33
2,33
1,33
3,32
2,32
1,32
3,31
2,31
1,31
3,30
2,30
1,30
3,29
2,29
1,29
3,28
2,28
1,28
3,27
2,27
1,27
3,26
2,26
1,26
3,25
2,25
1,25
3,24
2,24
1,24
3,23
2,23
1,23
3,22
2,22
1,22
3,21
2,21
1,21
3,20
2,20
1,20
3,19
2,19
1,19
3,18
2,18
1,18
3,17
2,17
1,17
3,16
2,16
1,16
3,15
2,15
1,15
3,14
2,14
1,14
3,13
2,13
1,13
3,12
2,12
1,12
3,11
2,11
1,11
3,10
2,10
1,10
3,9
2,9
1,9
3,8
2,8
1,8
3,7
2,7
1,7
3,6
2,6
1,6
3,5
2,5
1,5
3,4
2,4
1,4
3,3
3,0
2,3
2,0
1,3
1,0
0,6
0,0
0,47
0,46
0,49
0,48
0,45
0,55
0,12
0,50
0,10
0,196
0,8
0,53
0,11
0,5
0,7
0,4
0,3
